60040.54749999987 -38.336
60046.29400000023 -44.679
60039.5569000002 -37.142
60052.29730000021 -43.768
59733.411600000225 -39.626
59744.38769999985 -41.428
60052.34049999993 -41.92
60034.30640000012 -9.041
60042.30379999988 -41.011
59747.37229999993 -37.699
60026.318299999926 48.491
60032.314100000076 11.176
60009.34730000002 -32.2
59739.3851999999 -44.357
60043.331400000025 -43.153
60044.307200000156 -43.38
59727.39859999996 -20.625
60043.41630000016 -42.818
60037.32200000016 -27.473
60052.34940000018 -43.466
60031.35790000018 22.315
59742.38379999995 -42.016
59874.283999999985 49.629
60052.32060000021 -41.063
60044.32940000016 -42.368
60042.32249999978 -42.99
60041.3563000001 -39.736
59713.4794999999 17.288
60039.303199999966 -34.153
60030.36409999989 34.151
60039.441399999894 -35.822
60050.60410000011 -44.232
