59713.4794999999 20.538 0.7642051362848379
59727.39859999996 -21.311 0.8693786044057061
59733.411600000225 -39.885 2.8399065678088085
59739.3851999999 -44.196 2.6459495847104506
59742.38379999995 -43.197 1.8997376623300306
59744.38769999985 -43.246 1.041973125839085
59747.37229999993 -39.124 3.4084100363865373
59874.283999999985 49.299 1.752083297777066
60009.34730000002 -32.598 0.7457926580832563
60026.318299999926 48.073 0.8461093817381946
60030.36409999989 32.915 0.9902909919872497
60031.35790000018 21.762 0.6302597468535643
60032.314100000076 10.611 0.6519019367473765
60034.30640000012 -9.294 1.0298158635544472
60037.32200000016 -27.664 1.0980610891745843
60039.303199999966 -34.623 0.46135533762474495
60039.441399999894 -36.026 1.4417075660535317
60039.5569000002 -37.28 6.21906316361876
60040.54749999987 -38.513 4.053349461665766
60041.3563000001 -40.031 1.8828695713809134
60042.30379999988 -41.265 1.4450213647687722
60042.32249999978 -41.374 2.2188383773545723
60043.331400000025 -43.58 1.4673066815997968
60043.41630000016 -43.081 5.153956673863383
60044.307200000156 -43.647 4.710054320051611
60044.32940000016 -42.757 1.2638791871301744
60046.29400000023 -45.084 7.816393267525437
60050.60410000011 -44.455 2.3897430561810884
60052.29730000021 -44.082 9.555872336012174
60052.34049999993 -42.304 1.651412293020526
60052.34940000018 -43.805 1.751072029753039
60053.31870000018 -42.269 2.351691635541365
60053.57539999997 -42.701 0.8158298253346646
60054.28450000007 -41.315 1.1791719359225945
60054.2995000002 -41.851 1.955245370191338
60054.32979999995 -42.014 3.3244597895374377
60054.34070000006 -40.361 1.3288663960655862
60054.3489000001 -40.31 1.0304872403584844
60055.338299999945 -40.435 0.8610117159498168
60056.302600000054 -39.745 2.578087715462587
60056.311300000176 -38.709 0.8253361823719572
60058.50969999982 -36.508 2.638339036541122
60058.57769999979 -36.05 0.7865488000090731
60059.3106999998 -35.249 1.7484816321107128
60060.314100000076 -32.678 2.06367980945761
60060.37580000004 -33.289 1.4736654893350154
60061.36120000016 -31.793 2.0754692159341244
60062.49269999983 -29.287 2.407668268415649
60065.573199999984 -21.833 0.5732593551094415
60066.34159999993 -16.836 1.184122252481697
60066.34390000021 -15.721 2.0300441600166175
60066.4057 -17.895 1.1609523835607132
60066.41229999997 -16.19 2.9668140793251245
60067.30500000017 -14.983 1.734563376050967
60067.30619999999 -14.699 1.966111763627466
60067.307299999986 -14.996 2.4237595580416422
60067.35539999977 -15.899 1.5826907082080757
60067.39080000017 -15.296 0.8172799725428894
60067.399499999825 -14.374 0.6707695149575114
60067.60000000009 -11.674 0.7370018748604028
60068.30519999983 -10.773 2.7239581833439273
60068.30560000008 -11.574 2.7905193209322317
60068.366500000004 -10.423 3.837056582424864
60068.37580000004 -10.841 2.8344209630321666
60068.40700000012 -10.338 1.8729393976437752
60068.46160000004 -10.155 1.7873741653774935
60068.50490000006 -10.474 1.7092909815537876
60069.30830000015 -6.517 1.791912892497676
60069.32129999995 -5.807 1.9861837548118377
60069.330099999905 -6.534 2.76407543003838
60069.34310000017 -6.385 2.4082899163866736
60069.565099999774 -3.176 0.6209047286090861
60070.30750000011 -1.716 1.5471089679598224
60070.73810000019 -0.571 1.345639239232365
60071.312700000126 3.775 1.9109430932154392
60071.31880000001 3.66 0.722105393428484
60071.35360000003 3.896 0.26955626587898535
60071.42739999993 4.644 2.0041194975818097
60072.31579999998 9.767 1.7264486275892315
60072.341099999845 9.791 1.7716268295348847
60072.35550000006 10.891 1.2418071777051587
60072.592300000135 14.005 3.788043020483461
60072.653500000015 11.856 5.179965588601724
60073.312799999956 17.697 1.271696356275336
60073.32390000019 16.855 1.0315188107180264
60073.369299999904 16.822 1.42755472877015
60074.48300000001 25.37 1.5449291643922067
60074.65989999985 24.203 1.6053438975389305
60075.31479999982 31.632 1.8464573348275006
60076.33809999982 40.344 2.223606148220535
60076.381500000134 39.864 1.914247504001314
60076.45399999991 40.083 1.6212145823789195
60076.653500000015 40.673 1.7836171042291835
60077.312299999874 46.21 2.35912047294787
60077.34539999999 47.209 1.3598241833911198
60077.63899999997 49.428 2.3925578243492103
60078.350500000175 50.175 2.0719324428372725
60078.356099999975 50.25 5.568812950524928
60078.402199999895 50.999 2.67799012344467
60078.571700000204 52.298 0.6650712502097464
60079.3415000001 51.819 2.449454266879929
60079.35270000016 53.772 0.44505301339908526
60079.42609999981 50.765 1.5528532842388645
60080.347800000105 46.336 8.533009613938852
60080.389899999835 46.456 1.6653771131275272
